A	R	N	D	C	Q	E	G	H	I	L	K	M	F	P	S	T	W	Y	V
3	-2	-2	-2	-2	-2	-2	-2	-2	-2	-2	-2	-2	-2	-2	-2	-2	-2	-2	-2
-2	3	-2	-2	-2	-2	-2	-2	-2	-2	-2	-2	-2	-2	-2	-2	-2	-2	-2	-2
-2	-2	3	-2	-2	-2	-2	-2	-2	-2	-2	-2	-2	-2	-2	-2	-2	-2	-2	-2
-2	-2	-2	3	-2	-2	-2	-2	-2	-2	-2	-2	-2	-2	-2	-2	-2	-2	-2	-2
-2	-2	-2	-2	3	-2	-2	-2	-2	-2	-2	-2	-2	-2	-2	-2	-2	-2	-2	-2
-2	-2	-2	-2	-2	3	-2	-2	-2	-2	-2	-2	-2	-2	-2	-2	-2	-2	-2	-2
-2	-2	-2	-2	-2	-2	3	-2	-2	-2	-2	-2	-2	-2	-2	-2	-2	-2	-2	-2
-2	-2	-2	-2	-2	-2	-2	3	-2	-2	-2	-2	-2	-2	-2	-2	-2	-2	-2	-2
-2	-2	-2	-2	-2	-2	-2	-2	3	-2	-2	-2	-2	-2	-2	-2	-2	-2	-2	-2
-2	-2	-2	-2	-2	-2	-2	-2	-2	3	-2	-2	-2	-2	-2	-2	-2	-2	-2	-2
-2	-2	-2	-2	-2	-2	-2	-2	-2	-2	3	-2	-2	-2	-2	-2	-2	-2	-2	-2
-2	-2	-2	-2	-2	-2	-2	-2	-2	-2	-2	3	-2	-2	-2	-2	-2	-2	-2	-2
-2	-2	-2	-2	-2	-2	-2	-2	-2	-2	-2	-2	3	-2	-2	-2	-2	-2	-2	-2
-2	-2	-2	-2	-2	-2	-2	-2	-2	-2	-2	-2	-2	3	-2	-2	-2	-2	-2	-2
-2	-2	-2	-2	-2	-2	-2	-2	-2	-2	-2	-2	-2	-2	3	-2	-2	-2	-2	-2
-2	-2	-2	-2	-2	-2	-2	-2	-2	-2	-2	-2	-2	-2	-2	3	-2	-2	-2	-2
-2	-2	-2	-2	-2	-2	-2	-2	-2	-2	-2	-2	-2	-2	-2	-2	3	-2	-2	-2
-2	-2	-2	-2	-2	-2	-2	-2	-2	-2	-2	-2	-2	-2	-2	-2	-2	3	-2	-2
-2	-2	-2	-2	-2	-2	-2	-2	-2	-2	-2	-2	-2	-2	-2	-2	-2	-2	3	-2
-2	-2	-2	-2	-2	-2	-2	-2	-2	-2	-2	-2	-2	-2	-2	-2	-2	-2	-2	3
